counties,none_care,first_trimester,second_trimester,third_trimester,unknown_care,total_care,year,male,female,unknown_gender,total_gender,singleton,twins,other_multiples,unknown_plural,total_plural,white_non_hispanic,african_american_non_hispanic,other_non_hispanic,hispanic,total_race,gms_0_499,gms_500_1499,gms_1500_2499,gms_2500_8165,unknown_weight,total_weight
ALAMANCE,36,1282,435,87,16,1856,2016,980,876,0,1856,1812,44,0,0,1856,1018,398,49,391,1856,6,22,146,1682,0,1856
ALEXANDER,9,253,62,19,0,343,2016,173,170,0,343,337,6,0,0,343,296,11,8,28,343,1,4,28,310,0,343
ALLEGHANY,1,69,16,9,0,95,2016,50,45,0,95,91,4,0,0,95,81,2,0,12,95,0,0,7,88,0,95
ANSON,5,171,71,18,1,266,2016,141,125,0,266,260,6,0,0,266,110,138,6,12,266,0,7,22,237,0,266
ASHE,1,167,28,12,1,209,2016,109,100,0,209,201,8,0,0,209,187,2,1,19,209,1,4,19,185,0,209
AVERY,3,129,13,1,3,149,2016,81,68,0,149,143,6,0,0,149,126,0,2,21,149,0,7,15,127,0,149
BEAUFORT,5,335,78,8,5,431,2016,209,222,0,431,427,4,0,0,431,228,135,5,63,431,1,8,29,393,0,431
BERTIE,1,149,34,6,0,190,2016,86,104,0,190,187,3,0,0,190,51,133,1,5,190,2,2,17,169,0,190
BLADEN,7,200,102,23,1,333,2016,176,157,0,333,323,10,0,0,333,155,119,11,48,333,2,5,36,290,0,333
BRUNSWICK,19,692,184,55,28,978,2016,507,471,0,978,939,36,3,0,978,722,131,23,102,978,4,12,96,865,1,978
BUNCOMBE,29,2286,217,41,22,2595,2016,1322,1273,0,2595,2508,86,1,0,2595,2035,198,53,309,2595,4,36,190,2365,0,2595
BURKE,20,604,222,45,9,900,2016,447,453,0,900,870,30,0,0,900,676,39,71,114,900,2,10,72,815,1,900
CABARRUS,34,1665,633,141,4,2477,2016,1298,1179,0,2477,2390,84,3,0,2477,1447,443,163,424,2477,2,30,200,2245,0,2477
CALDWELL,4,603,171,42,2,822,2016,419,403,0,822,786,36,0,0,822,707,43,10,62,822,2,15,78,727,0,822
CAMDEN,2,67,17,1,3,90,2016,49,41,0,90,90,0,0,0,90,77,7,4,2,90,0,1,3,86,0,90
CARTERET,7,425,90,23,1,546,2016,280,266,0,546,536,10,0,0,546,451,35,14,46,546,2,6,31,507,0,546
CASWELL,3,148,41,10,1,203,2016,96,107,0,203,192,8,3,0,203,146,45,1,11,203,0,7,19,177,0,203
CATAWBA,22,1275,306,55,6,1664,2016,860,804,0,1664,1603,58,3,0,1664,1068,176,134,286,1664,2,9,128,1525,0,1664
CHATHAM,3,464,143,23,7,640,2016,344,296,0,640,612,25,3,0,640,408,75,24,133,640,1,8,57,573,1,640
CHEROKEE,4,178,55,14,6,257,2016,150,107,0,257,251,6,0,0,257,235,4,7,11,257,0,0,26,231,0,257
CHOWAN,0,91,18,3,1,113,2016,54,59,0,113,109,4,0,0,113,56,54,0,3,113,0,0,12,101,0,113
CLAY,0,79,18,3,1,101,2016,57,44,0,101,97,4,0,0,101,89,2,2,8,101,0,0,7,94,0,101
CLEVELAND,17,592,397,41,12,1059,2016,544,515,0,1059,1023,36,0,0,1059,733,260,18,48,1059,2,20,89,948,0,1059
COLUMBUS,11,311,143,33,95,593,2016,288,305,0,593,577,16,0,0,593,324,188,20,61,593,2,10,64,517,0,593
CRAVEN,15,1015,289,113,7,1439,2016,759,680,0,1439,1405,34,0,0,1439,905,301,90,143,1439,1,19,98,1321,0,1439
CUMBERLAND,83,3917,1128,297,21,5446,2016,2826,2620,0,5446,5278,162,6,0,5446,2332,2042,301,771,5446,21,86,424,4914,1,5446
CURRITUCK,3,202,36,6,15,262,2016,135,127,0,262,254,8,0,0,262,231,16,3,12,262,0,0,16,246,0,262
DARE,1,231,74,4,9,319,2016,171,148,0,319,307,12,0,0,319,251,7,3,58,319,0,3,16,300,0,319
DAVIDSON,31,1237,410,87,6,1771,2016,896,875,0,1771,1721,50,0,0,1771,1344,189,34,204,1771,8,26,139,1598,0,1771
DAVIE,0,308,95,16,1,420,2016,226,194,0,420,406,14,0,0,420,338,30,4,48,420,0,4,36,380,0,420
DUPLIN,9,461,188,40,8,706,2016,360,346,0,706,688,18,0,0,706,277,148,7,274,706,2,4,60,640,0,706
DURHAM,58,2957,1055,248,28,4346,2016,2152,2194,0,4346,4202,129,15,0,4346,1652,1422,298,974,4346,8,54,313,3970,1,4346
EDGECOMBE,14,290,219,42,2,567,2016,296,271,0,567,529,38,0,0,567,144,385,0,38,567,1,12,62,491,1,567
FORSYTH,35,3309,873,228,50,4495,2016,2342,2153,0,4495,4317,178,0,0,4495,2188,1200,187,920,4495,14,68,380,4031,2,4495
FRANKLIN,49,408,182,39,5,683,2016,342,341,0,683,655,28,0,0,683,399,197,10,77,683,2,9,53,618,1,683
GASTON,35,1592,734,146,17,2524,2016,1295,1229,0,2524,2424,91,9,0,2524,1682,492,47,303,2524,4,34,197,2289,0,2524
GATES,2,77,23,6,3,111,2016,54,57,0,111,109,2,0,0,111,78,28,2,3,111,0,1,9,101,0,111
GRAHAM,2,65,12,3,2,84,2016,48,36,0,84,80,4,0,0,84,73,1,6,4,84,0,1,3,80,0,84
GRANVILLE,26,351,151,36,6,570,2016,285,285,0,570,548,22,0,0,570,316,168,14,72,570,2,12,45,510,1,570
GREENE,3,162,27,10,5,207,2016,96,111,0,207,199,8,0,0,207,85,66,3,53,207,2,2,23,179,1,207
GUILFORD,54,3872,1886,412,34,6258,2016,3227,3031,0,6258,6035,220,3,0,6258,2412,2516,496,834,6258,21,84,466,5686,1,6258
HALIFAX,9,389,118,39,4,559,2016,277,282,0,559,538,18,3,0,559,182,337,17,23,559,0,13,45,501,0,559
HARNETT,29,1318,392,109,13,1861,2016,959,902,0,1861,1762,93,6,0,1861,1136,371,44,310,1861,3,30,138,1689,1,1861
HAYWOOD,8,490,89,22,7,616,2016,343,273,0,616,596,20,0,0,616,566,13,8,29,616,1,10,47,556,2,616
HENDERSON,17,883,149,23,17,1089,2016,563,526,0,1089,1052,34,3,0,1089,803,42,33,211,1089,3,13,81,992,0,1089
HERTFORD,3,175,34,10,1,223,2016,112,111,0,223,217,6,0,0,223,59,148,5,11,223,0,6,16,201,0,223
HOKE,14,696,187,35,3,935,2016,489,446,0,935,900,32,3,0,935,467,220,93,155,935,2,13,73,847,0,935
HYDE,0,32,5,2,0,39,2016,23,16,0,39,39,0,0,0,39,20,8,0,11,39,0,0,1,38,0,39
IREDELL,33,1247,530,109,5,1924,2016,994,930,0,1924,1863,61,0,0,1924,1304,305,88,227,1924,2,31,122,1769,0,1924
JACKSON,8,291,61,26,6,392,2016,202,190,0,392,380,12,0,0,392,268,7,78,39,392,1,7,30,354,0,392
JOHNSTON,30,1665,558,65,18,2336,2016,1170,1166,0,2336,2262,71,3,0,2336,1476,359,47,454,2336,1,25,178,2132,0,2336
JONES,4,54,19,5,1,83,2016,49,34,0,83,79,4,0,0,83,63,15,0,5,83,0,3,1,79,0,83
LEE,18,475,240,56,21,810,2016,413,397,0,810,785,25,0,0,810,389,169,17,235,810,0,22,51,735,2,810
LENOIR,13,472,129,21,12,647,2016,314,333,0,647,631,16,0,0,647,255,305,6,81,647,2,13,53,579,0,647
LINCOLN,6,591,177,35,0,809,2016,411,398,0,809,781,28,0,0,809,676,47,16,70,809,2,13,66,728,0,809
MCDOWELL,8,373,50,12,1,444,2016,249,195,0,444,425,19,0,0,444,389,11,9,35,444,0,8,48,388,0,444
MACON,4,264,53,7,5,333,2016,169,164,0,333,331,2,0,0,333,257,2,11,63,333,0,3,26,304,0,333
MADISON,3,172,16,2,3,196,2016,98,98,0,196,194,2,0,0,196,189,1,1,5,196,0,2,17,177,0,196
MARTIN,4,187,41,3,2,237,2016,127,110,0,237,231,6,0,0,237,101,115,2,19,237,0,7,24,206,0,237
MECKLENBURG,330,9887,3601,1009,49,14876,2016,7655,7220,1,14876,14287,571,18,0,14876,5795,4699,1422,2960,14876,38,212,1174,13452,0,14876
MITCHELL,0,111,25,2,3,141,2016,72,69,0,141,137,4,0,0,141,126,1,1,13,141,0,1,10,130,0,141
MONTGOMERY,7,189,85,13,2,296,2016,145,151,0,296,288,8,0,0,296,175,36,10,75,296,1,4,25,266,0,296
MOORE,16,791,267,53,5,1132,2016,594,538,0,1132,1086,46,0,0,1132,834,146,43,109,1132,0,15,97,1020,0,1132
NASH,24,646,267,72,7,1016,2016,536,480,0,1016,978,38,0,0,1016,429,461,20,106,1016,2,21,66,927,0,1016
NEW HANOVER,30,1497,606,92,16,2241,2016,1171,1070,0,2241,2161,80,0,0,2241,1552,370,68,251,2241,3,29,147,2060,2,2241
NORTHAMPTON,4,150,34,11,1,200,2016,103,97,0,200,187,10,3,0,200,55,131,2,12,200,1,7,20,172,0,200
ONSLOW,76,2987,620,242,34,3959,2016,2051,1908,0,3959,3866,93,0,0,3959,2803,484,126,546,3959,7,50,197,3705,0,3959
ORANGE,15,862,227,45,17,1166,2016,595,571,0,1166,1123,43,0,0,1166,689,152,130,195,1166,1,16,87,1062,0,1166
PAMLICO,0,68,23,7,0,98,2016,57,41,0,98,94,4,0,0,98,67,17,3,11,98,0,0,9,89,0,98
PASQUOTANK,9,296,139,31,4,479,2016,242,237,0,479,470,9,0,0,479,253,172,14,40,479,0,4,35,440,0,479
PENDER,10,416,177,42,6,651,2016,320,331,0,651,619,32,0,0,651,459,94,9,89,651,0,12,47,592,0,651
PERQUIMANS,0,95,25,1,1,122,2016,35,87,0,122,118,4,0,0,122,100,17,2,3,122,0,3,13,106,0,122
PERSON,7,250,110,29,5,401,2016,202,199,0,401,388,13,0,0,401,244,122,5,30,401,0,6,25,369,1,401
PITT,22,1671,254,52,24,2023,2016,1019,1003,1,2023,1954,63,6,0,2023,924,870,58,171,2023,13,39,151,1818,2,2023
POLK,5,88,20,2,25,140,2016,65,75,0,140,140,0,0,0,140,113,6,1,20,140,0,1,9,130,0,140
RANDOLPH,22,991,479,98,10,1600,2016,802,798,0,1600,1542,58,0,0,1600,1115,133,52,300,1600,3,25,112,1460,0,1600
RICHMOND,7,293,172,41,5,518,2016,251,267,0,518,504,14,0,0,518,250,188,28,52,518,1,7,47,462,1,518
ROBESON,43,985,588,120,39,1775,2016,930,845,0,1775,1729,46,0,0,1775,331,381,787,276,1775,4,37,177,1556,1,1775
ROCKINGHAM,9,730,166,31,1,937,2016,481,456,0,937,909,28,0,0,937,650,185,10,92,937,2,19,77,839,0,937
ROWAN,41,1028,474,106,1,1650,2016,825,825,0,1650,1598,52,0,0,1650,1102,298,32,218,1650,1,34,133,1482,0,1650
RUTHERFORD,11,466,142,20,20,659,2016,325,334,0,659,631,28,0,0,659,529,74,9,47,659,4,12,51,591,1,659
SAMPSON,11,560,188,63,9,831,2016,419,412,0,831,799,32,0,0,831,333,198,36,264,831,2,11,67,750,1,831
SCOTLAND,10,327,99,18,1,455,2016,211,244,0,455,439,16,0,0,455,152,211,85,7,455,2,8,42,403,0,455
STANLY,8,502,153,26,1,690,2016,357,333,0,690,668,22,0,0,690,517,98,30,45,690,1,16,58,615,0,690
STOKES,5,299,61,13,2,380,2016,192,188,0,380,369,8,3,0,380,339,12,3,26,380,2,4,26,348,0,380
SURRY,10,546,123,39,5,723,2016,349,374,0,723,711,12,0,0,723,537,40,7,139,723,4,6,40,673,0,723
SWAIN,5,123,23,16,2,169,2016,88,81,0,169,165,4,0,0,169,80,1,75,13,169,0,2,18,149,0,169
TRANSYLVANIA,6,221,27,3,6,263,2016,126,137,0,263,255,8,0,0,263,233,11,4,15,263,1,3,22,237,0,263
TYRRELL,0,36,13,1,1,51,2016,30,21,0,51,51,0,0,0,51,29,10,0,12,51,0,0,1,50,0,51
UNION,21,1644,600,139,12,2416,2016,1259,1157,0,2416,2337,74,5,0,2416,1593,311,71,441,2416,2,30,153,2231,0,2416
VANCE,44,294,136,48,8,530,2016,276,254,0,530,508,22,0,0,530,168,288,11,63,530,3,9,57,460,1,530
WAKE,172,8601,3370,800,76,13019,2016,6760,6259,0,13019,12466,535,18,0,13019,6886,2786,1328,2019,13019,35,148,852,11980,4,13019
WARREN,9,122,37,8,1,177,2016,79,98,0,177,169,8,0,0,177,48,106,9,14,177,1,2,22,152,0,177
WASHINGTON,0,97,22,7,0,126,2016,54,72,0,126,116,10,0,0,126,37,81,0,8,126,3,0,16,107,0,126
WATAUGA,6,296,53,10,2,367,2016,192,175,0,367,355,12,0,0,367,330,5,7,25,367,0,1,28,338,0,367
WAYNE,28,1106,390,105,7,1636,2016,829,807,0,1636,1590,46,0,0,1636,801,485,35,315,1636,2,30,102,1502,0,1636
WILKES,10,508,139,33,1,691,2016,369,322,0,691,667,24,0,0,691,587,20,8,76,691,0,15,61,615,0,691
WILSON,19,666,239,36,4,964,2016,500,464,0,964,926,38,0,0,964,380,379,26,179,964,2,17,93,851,1,964
YADKIN,5,272,98,17,0,392,2016,188,204,0,392,377,12,3,0,392,306,5,5,76,392,0,7,24,361,0,392
YANCEY,0,139,13,2,0,154,2016,78,76,0,154,152,2,0,0,154,141,1,0,12,154,0,2,11,141,0,154
ALAMANCE,36,1336,438,103,26,1939,2017,986,953,0,1939,1872,67,0,0,1939,1028,437,53,421,1939,3,27,131,1777,1,1939
ALEXANDER,7,295,57,17,1,377,2017,187,190,0,377,365,12,0,0,377,326,17,9,25,377,1,3,28,345,0,377
ALLEGHANY,2,80,16,3,1,102,2017,53,49,0,102,98,4,0,0,102,82,1,0,19,102,0,3,6,93,0,102
ANSON,8,161,60,24,3,256,2017,139,117,0,256,242,14,0,0,256,102,141,3,10,256,1,6,31,218,0,256
ASHE,2,165,36,12,1,216,2017,100,116,0,216,210,6,0,0,216,187,3,3,23,216,2,2,17,194,1,216
AVERY,2,88,13,5,1,109,2017,45,64,0,109,105,4,0,0,109,98,0,2,9,109,0,0,11,98,0,109
BEAUFORT,1,339,106,20,4,470,2017,237,233,0,470,443,27,0,0,470,257,150,3,60,470,3,7,48,412,0,470
BERTIE,1,132,31,6,1,171,2017,91,80,0,171,165,6,0,0,171,49,117,1,4,171,2,3,18,148,0,171
BLADEN,9,183,106,25,2,325,2017,170,155,0,325,316,9,0,0,325,155,109,16,45,325,1,6,28,290,0,325
BRUNSWICK,17,688,220,51,31,1007,2017,537,470,0,1007,975,32,0,0,1007,752,126,24,105,1007,2,9,80,916,0,1007
BUNCOMBE,39,2033,227,57,36,2392,2017,1244,1148,0,2392,2338,45,9,0,2392,1857,181,59,295,2392,3,26,181,2182,0,2392
BURKE,19,631,219,53,5,927,2017,501,426,0,927,895,32,0,0,927,686,36,75,130,927,0,20,64,843,0,927
CABARRUS,35,1756,645,135,22,2593,2017,1376,1217,0,2593,2480,113,0,0,2593,1462,500,204,427,2593,5,29,183,2376,0,2593
CALDWELL,8,569,143,59,4,783,2017,377,406,0,783,757,26,0,0,783,653,49,15,66,783,2,8,72,700,1,783
CAMDEN,0,72,15,2,0,89,2017,46,43,0,89,87,2,0,0,89,78,8,1,2,89,0,0,7,82,0,89
CARTERET,4,460,74,27,2,567,2017,287,280,0,567,545,22,0,0,567,478,35,11,43,567,0,8,33,526,0,567
CASWELL,3,147,38,12,4,204,2017,112,92,0,204,198,6,0,0,204,120,55,5,24,204,0,6,15,183,0,204
CATAWBA,32,1241,290,87,2,1652,2017,862,790,0,1652,1604,48,0,0,1652,1066,193,149,244,1652,3,28,116,1505,0,1652
CHATHAM,5,469,152,24,13,663,2017,337,326,0,663,645,18,0,0,663,419,71,27,146,663,1,10,48,603,1,663
CHEROKEE,4,173,36,5,3,221,2017,109,112,0,221,215,6,0,0,221,194,5,12,10,221,1,4,10,206,0,221
CHOWAN,1,103,24,6,0,134,2017,68,66,0,134,126,8,0,0,134,64,59,2,9,134,0,0,13,121,0,134
CLAY,0,74,13,2,0,89,2017,55,34,0,89,89,0,0,0,89,78,0,4,7,89,1,1,6,81,0,89
CLEVELAND,26,675,291,57,16,1065,2017,547,518,0,1065,1033,32,0,0,1065,727,270,14,54,1065,1,19,102,943,0,1065
COLUMBUS,15,278,153,39,93,578,2017,282,296,0,578,560,18,0,0,578,310,190,22,56,578,4,13,51,510,0,578
CRAVEN,19,1009,251,103,4,1386,2017,718,668,0,1386,1340,46,0,0,1386,891,293,70,132,1386,3,23,92,1268,0,1386
CUMBERLAND,89,3948,1190,253,26,5506,2017,2840,2666,0,5506,5296,201,9,0,5506,2319,2092,305,790,5506,26,91,432,4957,0,5506
CURRITUCK,4,186,44,4,19,257,2017,127,130,0,257,248,6,3,0,257,227,14,7,9,257,0,8,15,234,0,257
DARE,2,250,78,6,8,344,2017,169,175,0,344,335,9,0,0,344,275,7,4,58,344,0,6,21,317,0,344
DAVIDSON,12,1326,334,85,5,1762,2017,902,860,0,1762,1688,74,0,0,1762,1287,195,55,225,1762,2,23,159,1578,0,1762
DAVIE,2,282,67,16,2,369,2017,168,201,0,369,359,10,0,0,369,287,23,5,54,369,0,3,29,337,0,369
DUPLIN,17,424,166,39,7,653,2017,318,335,0,653,628,22,3,0,653,267,148,8,230,653,0,10,50,591,2,653
DURHAM,60,2838,1046,219,19,4182,2017,2170,2012,0,4182,3991,185,6,0,4182,1602,1369,291,920,4182,6,66,305,3801,4,4182
EDGECOMBE,17,337,232,43,2,631,2017,335,296,0,631,601,30,0,0,631,186,401,2,42,631,3,16,66,546,0,631
FORSYTH,35,3226,893,193,25,4372,2017,2149,2223,0,4372,4188,184,0,0,4372,2000,1294,157,921,4372,15,73,411,3873,0,4372
FRANKLIN,35,454,165,53,12,719,2017,393,326,0,719,684,35,0,0,719,423,189,15,92,719,1,11,59,648,0,719
GASTON,67,1734,646,118,23,2588,2017,1392,1196,0,2588,2501,87,0,0,2588,1691,545,64,288,2588,8,33,206,2341,0,2588
GATES,1,71,24,1,3,100,2017,55,45,0,100,96,4,0,0,100,64,30,0,6,100,1,2,12,85,0,100
GRAHAM,1,62,8,6,1,78,2017,38,40,0,78,74,4,0,0,78,70,0,7,1,78,0,4,4,70,0,78
GRANVILLE,30,372,139,51,7,599,2017,298,301,0,599,591,8,0,0,599,313,202,8,76,599,1,12,44,542,0,599
GREENE,5,143,51,6,0,205,2017,109,96,0,205,205,0,0,0,205,78,69,2,56,205,0,2,18,185,0,205
GUILFORD,69,3811,1847,443,48,6218,2017,3183,3035,0,6218,5975,228,15,0,6218,2295,2551,555,817,6218,17,114,516,5569,2,6218
HALIFAX,13,424,112,42,2,593,2017,313,280,0,593,571,22,0,0,593,216,326,26,25,593,3,10,65,515,0,593
HARNETT,22,1333,410,99,22,1886,2017,987,899,0,1886,1821,62,3,0,1886,1155,361,53,317,1886,4,20,130,1730,2,1886
HAYWOOD,8,493,88,26,2,617,2017,321,296,0,617,603,14,0,0,617,561,5,10,41,617,0,6,51,560,0,617
HENDERSON,11,841,141,33,14,1040,2017,526,514,0,1040,1021,16,3,0,1040,771,30,22,217,1040,0,18,60,962,0,1040
HERTFORD,1,173,47,8,1,230,2017,116,114,0,230,224,6,0,0,230,62,147,2,19,230,0,6,14,210,0,230
HOKE,14,638,190,32,6,880,2017,456,424,0,880,851,29,0,0,880,413,217,106,144,880,3,12,81,784,0,880
HYDE,0,24,8,1,1,34,2017,19,15,0,34,34,0,0,0,34,25,6,0,3,34,0,0,2,32,0,34
IREDELL,30,1264,466,92,5,1857,2017,952,905,0,1857,1798,59,0,0,1857,1298,260,85,214,1857,4,21,149,1682,1,1857
JACKSON,9,291,44,24,4,372,2017,194,178,0,372,367,5,0,0,372,262,7,69,34,372,1,7,28,336,0,372
JOHNSTON,33,1647,533,90,15,2318,2017,1196,1122,0,2318,2226,89,3,0,2318,1435,375,37,471,2318,6,32,151,2128,1,2318
JONES,2,69,27,8,0,106,2017,56,50,0,106,106,0,0,0,106,75,23,3,5,106,0,1,6,99,0,106
LEE,16,476,182,53,32,759,2017,379,380,0,759,733,26,0,0,759,355,171,25,208,759,1,8,67,680,3,759
LENOIR,7,399,175,33,2,616,2017,311,305,0,616,592,24,0,0,616,236,299,4,77,616,3,7,47,559,0,616
LINCOLN,7,594,161,40,4,806,2017,405,401,0,806,780,26,0,0,806,667,41,16,82,806,2,9,56,739,0,806
MCDOWELL,4,368,62,17,6,457,2017,254,203,0,457,437,20,0,0,457,392,14,11,40,457,0,11,43,403,0,457
MACON,6,267,43,18,5,339,2017,180,159,0,339,333,6,0,0,339,282,2,4,51,339,0,6,23,310,0,339
MADISON,4,144,24,2,3,177,2017,84,93,0,177,167,10,0,0,177,170,1,3,3,177,0,3,17,157,0,177
MARTIN,1,192,44,10,1,248,2017,123,125,0,248,238,10,0,0,248,123,106,2,17,248,0,10,30,208,0,248
MECKLENBURG,364,9419,3737,1168,58,14746,2017,7599,7147,0,14746,14179,558,9,0,14746,5641,4657,1518,2930,14746,22,204,1200,13319,1,14746
MITCHELL,0,109,20,3,3,135,2017,66,69,0,135,135,0,0,0,135,116,1,2,16,135,0,3,12,119,1,135
MONTGOMERY,6,182,70,11,1,270,2017,136,134,0,270,260,10,0,0,270,147,51,7,65,270,0,3,35,232,0,270
MOORE,24,747,266,66,6,1109,2017,573,536,0,1109,1060,46,3,0,1109,773,180,43,113,1109,3,17,83,1006,0,1109
NASH,27,758,258,61,6,1110,2017,548,562,0,1110,1068,42,0,0,1110,448,483,30,149,1110,3,22,78,1007,0,1110
NEW HANOVER,27,1528,604,85,22,2266,2017,1163,1103,0,2266,2193,63,10,0,2266,1491,434,57,284,2266,9,32,160,2064,1,2266
NORTHAMPTON,2,147,39,11,1,200,2017,96,104,0,200,191,9,0,0,200,59,129,4,8,200,0,7,23,170,0,200
ONSLOW,112,2828,768,331,21,4060,2017,2049,2011,0,4060,3924,133,3,0,4060,2762,541,131,626,4060,6,39,240,3775,0,4060
ORANGE,12,858,240,56,13,1179,2017,625,554,0,1179,1141,38,0,0,1179,686,161,148,184,1179,1,11,73,1094,0,1179
PAMLICO,2,52,14,4,1,73,2017,39,34,0,73,71,2,0,0,73,53,14,2,4,73,0,2,7,64,0,73
PASQUOTANK,5,323,137,20,7,492,2017,263,229,0,492,475,17,0,0,492,254,190,12,36,492,0,10,33,449,0,492
PENDER,13,460,147,31,7,658,2017,330,328,0,658,632,26,0,0,658,441,113,12,92,658,3,13,53,589,0,658
PERQUIMANS,1,81,34,7,1,124,2017,62,62,0,124,124,0,0,0,124,83,38,1,2,124,0,1,5,118,0,124
PERSON,6,260,139,34,4,443,2017,231,212,0,443,419,20,4,0,443,290,120,5,28,443,3,10,32,398,0,443
PITT,26,1643,322,46,14,2051,2017,1029,1022,0,2051,1972,70,9,0,2051,894,901,53,203,2051,10,29,178,1834,0,2051
POLK,3,106,22,10,20,161,2017,76,85,0,161,155,6,0,0,161,135,9,4,13,161,0,5,5,151,0,161
RANDOLPH,22,1049,408,79,18,1576,2017,793,783,0,1576,1517,56,3,0,1576,1129,106,37,304,1576,5,17,138,1415,1,1576
RICHMOND,17,345,169,35,8,574,2017,304,270,0,574,546,28,0,0,574,277,219,29,49,574,1,17,68,488,0,574
ROBESON,91,895,630,124,42,1782,2017,950,832,0,1782,1711,71,0,0,1782,322,380,810,270,1782,7,53,162,1560,0,1782
ROCKINGHAM,15,661,142,37,5,860,2017,426,434,0,860,824,33,3,0,860,600,175,11,74,860,0,11,76,773,0,860
ROWAN,37,1002,457,86,6,1588,2017,806,782,0,1588,1529,59,0,0,1588,1008,315,29,236,1588,5,17,116,1450,0,1588
RUTHERFORD,21,485,133,22,28,689,2017,340,349,0,689,678,11,0,0,689,546,90,7,46,689,1,12,57,618,1,689
SAMPSON,24,549,183,61,14,831,2017,423,408,0,831,812,19,0,0,831,333,199,22,277,831,2,16,49,764,0,831
SCOTLAND,6,309,113,20,7,455,2017,221,234,0,455,441,14,0,0,455,139,221,78,17,455,0,8,53,394,0,455
STANLY,7,547,150,27,1,732,2017,389,343,0,732,700,32,0,0,732,561,92,24,55,732,3,14,58,657,0,732
STOKES,2,321,60,17,4,404,2017,176,228,0,404,392,12,0,0,404,376,11,6,11,404,0,4,26,374,0,404
SURRY,2,561,135,39,1,738,2017,346,392,0,738,718,20,0,0,738,563,29,6,140,738,0,15,55,668,0,738
SWAIN,4,107,30,11,0,152,2017,68,84,0,152,148,4,0,0,152,98,1,49,4,152,0,2,1,149,0,152
TRANSYLVANIA,4,216,27,4,1,252,2017,134,118,0,252,245,7,0,0,252,210,15,3,24,252,0,1,15,236,0,252
TYRRELL,1,30,7,0,0,38,2017,24,14,0,38,36,2,0,0,38,24,6,1,7,38,0,0,4,34,0,38
UNION,38,1539,644,149,12,2382,2017,1171,1211,0,2382,2302,71,9,0,2382,1498,311,108,465,2382,7,20,145,2210,0,2382
VANCE,51,322,133,72,6,584,2017,287,297,0,584,564,20,0,0,584,169,329,7,79,584,0,10,60,513,1,584
WAKE,200,8543,2977,826,137,12683,2017,6426,6257,0,12683,12199,472,12,0,12683,6677,2709,1290,2007,12683,30,164,829,11658,2,12683
WARREN,5,113,41,16,1,176,2017,91,85,0,176,172,4,0,0,176,64,88,14,10,176,0,2,13,161,0,176
WASHINGTON,2,96,26,10,0,134,2017,59,75,0,134,128,6,0,0,134,39,84,1,10,134,1,2,10,121,0,134
WATAUGA,5,332,37,22,2,398,2017,206,192,0,398,382,16,0,0,398,349,7,9,33,398,2,6,26,364,0,398
WAYNE,22,1085,413,85,6,1611,2017,855,756,0,1611,1553,58,0,0,1611,739,520,36,316,1611,3,32,126,1450,0,1611
WILKES,6,471,140,30,2,649,2017,345,304,0,649,633,16,0,0,649,533,34,4,78,649,2,13,63,571,0,649
WILSON,18,645,227,44,5,939,2017,479,460,0,939,898,38,3,0,939,337,412,15,175,939,3,21,68,847,0,939
YADKIN,1,294,83,13,1,392,2017,201,191,0,392,376,16,0,0,392,304,9,1,78,392,0,5,35,352,0,392
YANCEY,3,152,14,1,0,170,2017,84,86,0,170,170,0,0,0,170,145,0,1,24,170,0,1,12,157,0,170
ALAMANCE,44,1237,522,130,25,1958,2018,1023,935,0,1958,1890,68,0,0,1958,1041,447,56,414,1958,4,32,146,1776,0,1958
ALEXANDER,7,260,57,14,6,344,2018,170,174,0,344,338,6,0,0,344,290,18,8,28,344,0,3,27,314,0,344
ALLEGHANY,1,63,15,12,0,91,2018,46,45,0,91,85,6,0,0,91,71,2,0,18,91,0,2,6,83,0,91
ANSON,8,155,71,26,3,263,2018,138,125,0,263,249,14,0,0,263,118,128,5,12,263,1,5,37,220,0,263
ASHE,1,147,42,6,3,199,2018,97,102,0,199,193,6,0,0,199,177,2,2,18,199,0,2,13,184,0,199
AVERY,1,125,25,12,0,163,2018,82,81,0,163,157,6,0,0,163,147,0,2,14,163,0,2,17,143,1,163
BEAUFORT,1,305,93,17,0,416,2018,193,223,0,416,410,6,0,0,416,227,133,7,49,416,2,2,33,379,0,416
BERTIE,1,134,37,7,0,179,2018,96,83,0,179,169,10,0,0,179,60,113,1,5,179,0,3,18,158,0,179
BLADEN,9,217,108,30,7,371,2018,181,190,0,371,355,16,0,0,371,177,136,11,47,371,0,4,36,331,0,371
BRUNSWICK,19,662,219,49,38,987,2018,535,452,0,987,960,27,0,0,987,755,109,13,110,987,5,13,73,896,0,987
BUNCOMBE,37,2130,259,37,19,2482,2018,1252,1230,0,2482,2411,71,0,0,2482,1891,197,67,327,2482,4,19,195,2263,1,2482
BURKE,14,640,176,29,4,863,2018,417,446,0,863,836,27,0,0,863,642,39,77,105,863,3,12,71,774,3,863
CABARRUS,28,1715,622,129,15,2509,2018,1286,1223,0,2509,2419,84,6,0,2509,1358,518,217,416,2509,5,28,191,2285,0,2509
CALDWELL,13,547,162,53,2,777,2018,387,390,0,777,751,26,0,0,777,667,42,7,61,777,1,10,49,717,0,777
CAMDEN,0,81,14,2,1,98,2018,50,48,0,98,96,2,0,0,98,87,8,1,2,98,0,1,6,91,0,98
CARTERET,9,388,77,26,1,501,2018,256,245,0,501,487,14,0,0,501,424,32,8,37,501,1,5,32,463,0,501
CASWELL,7,138,50,16,7,218,2018,111,107,0,218,200,18,0,0,218,127,72,4,15,218,1,5,23,189,0,218
CATAWBA,38,1298,284,64,9,1693,2018,846,847,0,1693,1655,38,0,0,1693,1115,170,135,273,1693,2,24,98,1569,0,1693
CHATHAM,10,475,133,21,11,650,2018,355,295,0,650,622,25,3,0,650,424,69,16,141,650,1,11,49,589,0,650
CHEROKEE,5,194,43,16,0,258,2018,145,113,0,258,250,8,0,0,258,224,5,12,17,258,0,4,16,238,0,258
CHOWAN,1,103,34,5,0,143,2018,78,65,0,143,138,2,3,0,143,73,66,0,4,143,1,5,12,125,0,143
CLAY,0,67,13,1,2,83,2018,48,35,0,83,81,2,0,0,83,78,1,0,4,83,0,1,4,78,0,83
CLEVELAND,26,745,311,66,14,1162,2018,597,565,0,1162,1115,44,3,0,1162,789,294,13,66,1162,1,16,106,1039,0,1162
COLUMBUS,13,327,116,28,82,566,2018,276,290,0,566,554,12,0,0,566,316,179,21,50,566,1,8,63,494,0,566
CRAVEN,18,966,267,81,5,1337,2018,685,652,0,1337,1293,38,6,0,1337,825,296,72,144,1337,2,13,102,1220,0,1337
CUMBERLAND,72,3902,1181,225,22,5402,2018,2754,2648,0,5402,5218,178,6,0,5402,2171,2131,313,787,5402,13,104,419,4866,0,5402
CURRITUCK,4,212,37,10,0,263,2018,140,123,0,263,253,7,3,0,263,232,13,8,10,263,0,5,24,234,0,263
DARE,1,256,51,4,6,318,2018,170,148,0,318,312,6,0,0,318,250,11,4,53,318,0,2,7,309,0,318
DAVIDSON,49,1244,373,79,6,1751,2018,903,848,0,1751,1705,46,0,0,1751,1307,213,39,192,1751,3,25,139,1584,0,1751
DAVIE,4,298,79,17,0,398,2018,197,201,0,398,386,12,0,0,398,327,26,3,42,398,0,5,29,364,0,398
DUPLIN,19,426,214,38,10,707,2018,364,343,0,707,681,26,0,0,707,299,154,3,251,707,1,6,42,658,0,707
DURHAM,59,2960,882,220,30,4151,2018,2089,2062,0,4151,4004,132,15,0,4151,1632,1364,256,899,4151,7,63,292,3788,1,4151
EDGECOMBE,17,336,195,45,0,593,2018,298,295,0,593,580,13,0,0,593,164,368,4,57,593,0,7,62,523,1,593
FORSYTH,43,3104,922,217,44,4330,2018,2207,2123,0,4330,4176,148,6,0,4330,2049,1246,161,874,4330,17,78,357,3877,1,4330
FRANKLIN,46,423,165,47,16,697,2018,349,348,0,697,655,39,3,0,697,421,173,18,85,697,0,9,63,624,1,697
GASTON,55,1677,627,154,13,2526,2018,1316,1210,0,2526,2440,86,0,0,2526,1628,546,62,290,2526,3,39,192,2292,0,2526
GATES,2,71,16,4,1,94,2018,42,52,0,94,90,4,0,0,94,69,22,1,2,94,0,3,5,86,0,94
GRAHAM,3,58,13,4,0,78,2018,38,40,0,78,78,0,0,0,78,60,0,12,6,78,0,0,5,73,0,78
GRANVILLE,26,369,152,39,4,590,2018,275,315,0,590,578,12,0,0,590,344,169,9,68,590,0,10,47,533,0,590
GREENE,7,140,48,6,5,206,2018,105,101,0,206,200,6,0,0,206,96,66,1,43,206,3,1,17,185,0,206
GUILFORD,119,3680,1731,561,24,6115,2018,3153,2961,1,6115,5884,225,6,0,6115,2285,2540,490,800,6115,7,89,496,5519,4,6115
HALIFAX,8,367,126,26,10,537,2018,267,270,0,537,519,18,0,0,537,186,307,29,15,537,4,17,49,467,0,537
HARNETT,71,1218,422,109,25,1845,2018,987,858,0,1845,1781,64,0,0,1845,1051,436,58,300,1845,6,25,137,1677,0,1845
HAYWOOD,6,436,86,13,0,541,2018,282,259,0,541,533,8,0,0,541,496,8,8,29,541,0,2,48,491,0,541
HENDERSON,12,877,156,35,13,1093,2018,545,548,0,1093,1065,28,0,0,1093,809,49,33,202,1093,1,10,88,994,0,1093
HERTFORD,5,176,43,5,1,230,2018,112,118,0,230,226,4,0,0,230,76,146,1,7,230,1,6,13,210,0,230
HOKE,15,598,182,46,5,846,2018,414,432,0,846,825,21,0,0,846,377,214,84,171,846,2,16,49,779,0,846
HYDE,1,25,8,1,0,35,2018,15,20,0,35,33,2,0,0,35,20,7,0,8,35,0,0,2,33,0,35
IREDELL,33,1298,448,104,8,1891,2018,976,915,0,1891,1830,58,3,0,1891,1346,268,67,210,1891,3,25,158,1705,0,1891
JACKSON,16,257,71,17,5,366,2018,190,176,0,366,358,8,0,0,366,244,4,77,41,366,1,3,36,326,0,366
JOHNSTON,33,1629,533,94,10,2299,2018,1175,1124,0,2299,2230,69,0,0,2299,1386,411,47,455,2299,4,27,174,2094,0,2299
JONES,2,57,25,4,0,88,2018,46,42,0,88,84,4,0,0,88,58,22,2,6,88,0,4,2,82,0,88
LEE,10,473,233,54,22,792,2018,417,375,0,792,769,23,0,0,792,371,161,6,254,792,1,19,62,710,0,792
LENOIR,14,420,140,46,4,624,2018,333,291,0,624,598,26,0,0,624,257,293,6,68,624,2,11,67,544,0,624
LINCOLN,12,596,196,49,3,856,2018,425,431,0,856,830,24,2,0,856,695,56,20,85,856,0,13,62,779,2,856
MCDOWELL,6,355,41,15,1,418,2018,220,198,0,418,400,18,0,0,418,358,12,7,41,418,0,4,44,369,1,418
MACON,4,237,63,16,2,322,2018,156,166,0,322,316,6,0,0,322,256,1,6,59,322,0,3,25,294,0,322
MADISON,5,192,19,3,2,221,2018,106,115,0,221,219,2,0,0,221,209,0,4,8,221,0,1,19,201,0,221
MARTIN,7,198,34,7,1,247,2018,134,113,0,247,233,14,0,0,247,120,111,5,11,247,1,6,20,220,0,247
MECKLENBURG,333,9175,3994,1088,61,14651,2018,7376,7275,0,14651,14110,522,19,0,14651,5595,4702,1399,2955,14651,31,212,1179,13224,5,14651
MITCHELL,1,118,21,7,2,149,2018,81,68,0,149,149,0,0,0,149,135,3,0,11,149,0,0,9,140,0,149
MONTGOMERY,1,179,77,20,1,278,2018,144,134,0,278,271,7,0,0,278,159,44,8,67,278,1,6,20,251,0,278
MOORE,19,768,313,63,5,1168,2018,600,568,0,1168,1117,48,3,0,1168,821,166,37,144,1168,3,13,81,1071,0,1168
NASH,25,698,259,60,4,1046,2018,509,537,0,1046,1007,39,0,0,1046,418,477,24,127,1046,1,18,91,936,0,1046
NEW HANOVER,32,1428,568,104,14,2146,2018,1047,1099,0,2146,2088,55,3,0,2146,1427,378,55,286,2146,6,25,156,1959,0,2146
NORTHAMPTON,2,127,33,7,2,171,2018,87,84,0,171,171,0,0,0,171,61,101,0,9,171,1,0,13,157,0,171
ONSLOW,65,2722,792,322,22,3923,2018,2014,1909,0,3923,3810,113,0,0,3923,2714,480,126,603,3923,7,35,208,3673,0,3923
ORANGE,14,804,250,41,25,1134,2018,549,585,0,1134,1103,31,0,0,1134,679,132,130,193,1134,0,17,81,1036,0,1134
PAMLICO,3,62,20,5,0,90,2018,52,38,0,90,86,4,0,0,90,70,14,3,3,90,0,1,5,84,0,90
PASQUOTANK,7,319,104,21,3,454,2018,244,210,0,454,441,13,0,0,454,242,159,9,44,454,2,4,42,406,0,454
PENDER,7,427,143,37,9,623,2018,330,293,0,623,598,22,3,0,623,437,93,6,87,623,2,8,42,571,0,623
PERQUIMANS,3,90,25,1,2,121,2018,56,65,0,121,119,2,0,0,121,89,28,2,2,121,0,0,6,115,0,121
PERSON,10,258,96,22,14,400,2018,207,193,0,400,383,14,3,0,400,236,126,4,34,400,0,8,43,349,0,400
PITT,29,1639,346,61,10,2085,2018,1061,1024,0,2085,2005,74,6,0,2085,852,940,72,221,2085,8,49,184,1844,0,2085
POLK,1,102,23,8,15,149,2018,78,71,0,149,149,0,0,0,149,127,9,4,9,149,1,2,8,138,0,149
RANDOLPH,35,945,412,111,17,1520,2018,755,765,0,1520,1470,50,0,0,1520,1071,94,45,310,1520,2,21,101,1396,0,1520
RICHMOND,13,319,188,32,3,555,2018,283,272,0,555,526,26,3,0,555,270,208,34,43,555,0,11,52,491,1,555
ROBESON,46,704,539,161,249,1699,2018,858,841,0,1699,1631,62,6,0,1699,310,345,780,264,1699,6,35,162,1496,0,1699
ROCKINGHAM,13,685,167,47,1,913,2018,469,444,0,913,882,28,3,0,913,655,174,17,67,913,2,11,71,829,0,913
ROWAN,48,986,467,89,3,1593,2018,806,787,0,1593,1541,52,0,0,1593,983,301,41,268,1593,1,33,142,1417,0,1593
RUTHERFORD,15,461,130,18,30,654,2018,336,318,0,654,631,23,0,0,654,517,83,6,48,654,2,5,52,595,0,654
SAMPSON,22,556,207,43,6,834,2018,422,412,0,834,805,29,0,0,834,366,161,25,282,834,0,15,61,758,0,834
SCOTLAND,14,276,119,27,7,443,2018,225,218,0,443,433,10,0,0,443,131,199,94,19,443,1,11,62,369,0,443
STANLY,11,477,154,30,4,676,2018,338,338,0,676,649,27,0,0,676,524,87,19,46,676,1,14,59,602,0,676
STOKES,3,294,81,14,4,396,2018,198,198,0,396,386,10,0,0,396,366,12,2,16,396,1,2,33,360,0,396
SURRY,6,557,144,47,3,757,2018,387,370,0,757,733,24,0,0,757,565,35,1,156,757,0,9,62,685,1,757
SWAIN,5,97,28,10,1,141,2018,78,63,0,141,139,2,0,0,141,72,1,55,13,141,0,2,10,129,0,141
TRANSYLVANIA,7,229,34,6,2,278,2018,138,140,0,278,273,5,0,0,278,244,7,6,21,278,0,4,24,250,0,278
TYRRELL,2,27,4,1,0,34,2018,16,18,0,34,34,0,0,0,34,23,5,0,6,34,0,0,1,33,0,34
UNION,35,1592,694,126,8,2455,2018,1273,1182,0,2455,2383,69,3,0,2455,1580,341,109,425,2455,5,31,154,2264,1,2455
VANCE,31,324,141,61,5,562,2018,281,281,0,562,538,24,0,0,562,151,341,12,58,562,1,11,58,492,0,562
WAKE,218,8624,2773,860,105,12580,2018,6479,6101,0,12580,12130,441,9,0,12580,6470,2692,1397,2021,12580,30,153,772,11620,5,12580
WARREN,6,100,37,15,1,159,2018,76,83,0,159,155,4,0,0,159,54,83,15,7,159,0,3,14,142,0,159
WASHINGTON,3,93,30,3,0,129,2018,69,60,0,129,127,2,0,0,129,44,73,0,12,129,2,1,10,116,0,129
WATAUGA,7,274,52,15,6,354,2018,176,178,0,354,336,18,0,0,354,313,6,11,24,354,1,0,32,321,0,354
WAYNE,24,1111,384,113,6,1638,2018,808,830,0,1638,1592,46,0,0,1638,742,526,54,316,1638,5,26,115,1492,0,1638
WILKES,16,466,164,43,7,696,2018,351,345,0,696,676,20,0,0,696,566,36,8,86,696,0,12,40,644,0,696
WILSON,12,668,243,51,2,976,2018,499,477,0,976,943,30,3,0,976,368,421,28,159,976,2,13,103,858,0,976
YADKIN,5,245,92,20,1,363,2018,182,181,0,363,353,10,0,0,363,276,12,5,70,363,0,3,35,325,0,363
YANCEY,2,155,19,6,1,183,2018,84,99,0,183,176,4,3,0,183,162,0,0,21,183,0,4,16,163,0,183
ALAMANCE,52,1261,401,103,46,1863,2019,953,909,1,1863,1806,55,2,0,1863,983,448,41,391,1863,4,26,142,1691,0,1863
ALEXANDER,9,269,51,26,2,357,2019,189,168,0,357,346,11,0,0,357,309,15,10,23,357,1,3,27,325,1,357
ALLEGHANY,3,52,18,5,1,79,2019,47,32,0,79,77,2,0,0,79,62,0,1,16,79,0,0,8,71,0,79
ANSON,9,163,64,15,3,254,2019,113,141,0,254,241,13,0,0,254,97,141,6,10,254,0,5,34,215,0,254
ASHE,4,158,31,11,0,204,2019,99,105,0,204,198,6,0,0,204,180,3,1,20,204,0,2,20,182,0,204
AVERY,2,112,14,4,3,135,2019,62,73,0,135,135,0,0,0,135,118,0,1,16,135,0,2,6,127,0,135
BEAUFORT,8,322,92,10,1,433,2019,214,219,0,433,413,20,0,0,433,225,132,4,72,433,2,10,42,379,0,433
BERTIE,0,133,22,6,0,161,2019,84,76,1,161,155,6,0,0,161,54,103,1,3,161,0,1,17,143,0,161
BLADEN,18,211,86,28,1,344,2019,172,172,0,344,338,6,0,0,344,170,106,13,55,344,0,5,20,319,0,344
BRUNSWICK,23,670,246,58,29,1026,2019,503,523,0,1026,1000,26,0,0,1026,738,135,30,123,1026,1,6,75,944,0,1026
BUNCOMBE,34,2042,220,35,133,2464,2019,1244,1220,0,2464,2402,59,3,0,2464,1870,202,68,324,2464,4,28,165,2266,1,2464
BURKE,16,646,173,51,4,890,2019,439,451,0,890,860,30,0,0,890,649,48,78,115,890,1,11,65,812,1,890
CABARRUS,54,1775,548,141,19,2537,2019,1352,1185,0,2537,2449,85,3,0,2537,1371,507,198,461,2537,6,28,168,2335,0,2537
CALDWELL,14,587,209,67,5,882,2019,448,434,0,882,854,28,0,0,882,735,62,10,75,882,3,12,77,789,1,882
CAMDEN,0,91,13,0,0,104,2019,57,47,0,104,98,6,0,0,104,87,11,1,5,104,0,1,13,90,0,104
CARTERET,5,390,93,33,0,521,2019,270,251,0,521,505,16,0,0,521,445,25,8,43,521,0,3,31,487,0,521
CASWELL,4,143,46,10,6,209,2019,102,107,0,209,197,12,0,0,209,135,55,4,15,209,1,4,12,192,0,209
CATAWBA,39,1287,267,90,4,1687,2019,855,832,0,1687,1644,40,3,0,1687,1080,173,143,291,1687,3,23,124,1537,0,1687
CHATHAM,3,439,126,18,23,609,2019,326,283,0,609,585,24,0,0,609,383,65,19,142,609,1,5,44,558,1,609
CHEROKEE,2,190,28,14,11,245,2019,142,103,0,245,233,12,0,0,245,225,4,5,11,245,1,4,15,225,0,245
CHOWAN,0,105,17,1,0,123,2019,55,68,0,123,115,8,0,0,123,69,44,0,10,123,0,2,15,106,0,123
CLAY,1,65,14,1,5,86,2019,46,40,0,86,84,2,0,0,86,75,0,3,8,86,0,0,4,82,0,86
CLEVELAND,24,800,257,52,13,1146,2019,598,548,0,1146,1120,26,0,0,1146,786,273,14,73,1146,0,18,103,1025,0,1146
COLUMBUS,12,316,104,30,100,562,2019,284,278,0,562,542,20,0,0,562,327,165,30,40,562,2,5,56,499,0,562
CRAVEN,14,959,268,72,6,1319,2019,665,654,0,1319,1281,38,0,0,1319,815,285,70,149,1319,3,13,109,1194,0,1319
CUMBERLAND,84,3961,1113,289,15,5462,2019,2801,2661,0,5462,5244,212,6,0,5462,2155,2154,308,845,5462,11,98,449,4903,1,5462
CURRITUCK,1,223,28,5,2,259,2019,131,128,0,259,251,8,0,0,259,221,19,3,16,259,0,2,14,243,0,259
DARE,2,247,51,8,2,310,2019,151,159,0,310,306,4,0,0,310,245,7,8,50,310,0,3,19,288,0,310
DAVIDSON,35,1170,385,176,9,1775,2019,882,893,0,1775,1707,68,0,0,1775,1319,222,38,196,1775,1,28,156,1589,1,1775
DAVIE,25,293,69,15,0,402,2019,218,184,0,402,387,15,0,0,402,313,31,4,54,402,1,8,23,370,0,402
DUPLIN,17,456,190,52,3,718,2019,382,336,0,718,698,20,0,0,718,300,174,4,240,718,0,9,57,652,0,718
DURHAM,62,2915,887,235,59,4158,2019,2096,2062,0,4158,4032,126,0,0,4158,1559,1336,288,975,4158,6,58,303,3787,4,4158
EDGECOMBE,18,319,202,32,1,572,2019,308,264,0,572,559,13,0,0,572,163,359,4,46,572,2,7,59,504,0,572
FORSYTH,93,3139,884,264,30,4410,2019,2235,2175,0,4410,4250,160,0,0,4410,1988,1330,154,938,4410,14,80,376,3935,5,4410
FRANKLIN,97,446,146,70,11,770,2019,371,399,0,770,740,30,0,0,770,446,187,14,123,770,1,9,54,705,1,770
GASTON,71,1779,605,119,25,2599,2019,1357,1242,0,2599,2502,97,0,0,2599,1598,605,58,338,2599,4,46,214,2335,0,2599
GATES,0,71,21,4,1,97,2019,51,46,0,97,95,2,0,0,97,67,25,1,4,97,0,1,5,91,0,97
GRAHAM,2,76,10,3,6,97,2019,51,46,0,97,91,6,0,0,97,82,1,11,3,97,0,1,6,90,0,97
GRANVILLE,29,365,129,40,5,568,2019,296,272,0,568,556,12,0,0,568,293,191,4,80,568,1,9,43,514,1,568
GREENE,4,170,40,10,1,225,2019,100,125,0,225,223,2,0,0,225,86,79,1,59,225,1,5,18,201,0,225
GUILFORD,106,3826,1655,442,16,6045,2019,3053,2992,0,6045,5851,188,6,0,6045,2131,2530,518,866,6045,20,87,473,5463,2,6045
HALIFAX,10,390,97,35,5,537,2019,264,273,0,537,515,22,0,0,537,190,307,22,18,537,2,11,76,448,0,537
HARNETT,74,1243,407,113,23,1860,2019,966,894,0,1860,1815,42,3,0,1860,1104,387,59,310,1860,5,31,136,1688,0,1860
HAYWOOD,12,435,54,16,8,525,2019,265,260,0,525,512,13,0,0,525,483,8,10,24,525,1,10,45,469,0,525
HENDERSON,19,779,156,30,38,1022,2019,489,533,0,1022,1001,21,0,0,1022,752,33,25,212,1022,2,5,69,946,0,1022
HERTFORD,2,152,34,5,2,195,2019,96,99,0,195,191,4,0,0,195,54,131,1,9,195,0,3,20,172,0,195
HOKE,19,605,189,47,7,867,2019,452,415,0,867,839,28,0,0,867,397,227,90,153,867,3,20,64,780,0,867
HYDE,0,27,8,2,0,37,2019,19,18,0,37,37,0,0,0,37,20,10,0,7,37,0,0,3,34,0,37
IREDELL,68,1292,420,100,4,1884,2019,971,913,0,1884,1831,53,0,0,1884,1303,279,79,223,1884,4,21,116,1743,0,1884
JACKSON,6,273,61,19,13,372,2019,187,185,0,372,370,2,0,0,372,275,3,56,38,372,0,5,19,348,0,372
JOHNSTON,42,1853,509,108,10,2522,2019,1301,1221,0,2522,2425,97,0,0,2522,1467,477,52,526,2522,5,24,190,2303,0,2522
JONES,1,50,32,9,0,92,2019,49,43,0,92,90,2,0,0,92,59,21,3,9,92,0,0,5,87,0,92
LEE,17,434,243,56,31,781,2019,427,354,0,781,736,42,3,0,781,372,164,16,229,781,3,16,66,695,1,781
LENOIR,13,460,120,24,2,619,2019,313,306,0,619,609,10,0,0,619,246,296,8,69,619,3,20,57,538,1,619
LINCOLN,32,645,151,42,1,871,2019,436,435,0,871,846,25,0,0,871,703,50,22,96,871,0,9,62,800,0,871
MCDOWELL,2,351,53,18,10,434,2019,220,214,0,434,416,18,0,0,434,377,9,4,44,434,1,6,38,388,1,434
MACON,4,237,56,11,10,318,2019,176,142,0,318,308,10,0,0,318,239,3,5,71,318,0,4,22,292,0,318
MADISON,0,150,17,4,10,181,2019,91,90,0,181,181,0,0,0,181,173,1,1,6,181,0,3,10,168,0,181
MARTIN,2,166,45,8,0,221,2019,111,110,0,221,217,4,0,0,221,104,103,0,14,221,0,6,17,198,0,221
MECKLENBURG,441,8777,4021,1111,48,14398,2019,7346,7051,1,14398,13936,450,12,0,14398,5428,4506,1342,3122,14398,26,243,1184,12940,5,14398
MITCHELL,1,105,14,6,1,127,2019,66,61,0,127,127,0,0,0,127,111,0,2,14,127,0,0,8,119,0,127
MONTGOMERY,3,164,89,21,1,278,2019,135,143,0,278,266,12,0,0,278,143,51,11,73,278,0,1,26,251,0,278
MOORE,19,743,309,70,6,1147,2019,580,567,0,1147,1109,38,0,0,1147,853,132,46,116,1147,0,9,69,1069,0,1147
NASH,29,741,263,62,6,1101,2019,539,562,0,1101,1062,36,3,0,1101,409,531,32,129,1101,1,25,100,975,0,1101
NEW HANOVER,22,1387,638,110,15,2172,2019,1108,1064,0,2172,2108,64,0,0,2172,1462,380,54,276,2172,3,25,143,2000,1,2172
NORTHAMPTON,1,129,22,12,1,165,2019,90,75,0,165,161,4,0,0,165,57,99,3,6,165,0,1,18,146,0,165
ONSLOW,61,2467,945,330,18,3821,2019,1931,1890,0,3821,3696,119,6,0,3821,2565,505,133,618,3821,6,33,248,3534,0,3821
ORANGE,9,870,199,51,35,1164,2019,591,573,0,1164,1113,48,3,0,1164,693,167,125,179,1164,1,15,86,1062,0,1164
PAMLICO,0,58,12,3,0,73,2019,33,40,0,73,73,0,0,0,73,54,11,3,5,73,1,1,5,66,0,73
PASQUOTANK,4,350,98,17,5,474,2019,231,243,0,474,458,16,0,0,474,255,176,5,38,474,2,6,36,430,0,474
PENDER,12,396,175,32,9,624,2019,338,286,0,624,606,18,0,0,624,437,96,10,81,624,2,8,42,572,0,624
PERQUIMANS,0,88,26,4,0,118,2019,58,60,0,118,116,2,0,0,118,83,32,3,0,118,0,0,8,110,0,118
PERSON,5,270,124,24,12,435,2019,237,198,0,435,425,10,0,0,435,258,136,8,33,435,2,7,41,385,0,435
PITT,35,1632,359,51,2,2079,2019,1087,992,0,2079,1996,79,4,0,2079,900,958,44,177,2079,12,49,199,1818,1,2079
POLK,7,104,28,6,21,166,2019,90,76,0,166,164,2,0,0,166,143,3,2,18,166,0,3,5,158,0,166
RANDOLPH,29,992,426,88,11,1546,2019,791,755,0,1546,1498,48,0,0,1546,1080,102,44,320,1546,5,19,109,1413,0,1546
RICHMOND,11,312,185,49,4,561,2019,279,282,0,561,539,22,0,0,561,285,191,26,59,561,2,6,48,505,0,561
ROBESON,158,925,450,150,48,1731,2019,865,866,0,1731,1680,48,3,0,1731,326,350,808,247,1731,6,30,164,1530,1,1731
ROCKINGHAM,4,678,147,53,3,885,2019,465,420,0,885,863,22,0,0,885,614,183,10,78,885,2,19,69,794,1,885
ROWAN,49,1003,376,111,9,1548,2019,761,787,0,1548,1495,50,3,0,1548,971,286,36,255,1548,5,29,125,1388,1,1548
RUTHERFORD,21,421,151,45,42,680,2019,352,328,0,680,664,16,0,0,680,537,89,6,48,680,0,12,50,618,0,680
SAMPSON,21,481,165,55,5,727,2019,376,351,0,727,709,18,0,0,727,296,175,14,242,727,1,8,60,658,0,727
SCOTLAND,12,254,138,31,7,442,2019,229,213,0,442,428,14,0,0,442,141,199,87,15,442,1,13,51,377,0,442
STANLY,4,509,132,22,1,668,2019,329,339,0,668,650,18,0,0,668,517,76,23,52,668,0,9,40,619,0,668
STOKES,10,276,67,17,0,370,2019,178,192,0,370,366,4,0,0,370,342,12,1,15,370,2,1,26,341,0,370
SURRY,21,553,134,55,3,766,2019,392,374,0,766,741,25,0,0,766,572,35,7,152,766,2,12,55,697,0,766
SWAIN,3,133,30,8,7,181,2019,107,74,0,181,173,8,0,0,181,99,3,61,18,181,0,6,11,164,0,181
TRANSYLVANIA,9,215,21,2,15,262,2019,127,135,0,262,254,8,0,0,262,231,13,3,15,262,0,10,21,231,0,262
TYRRELL,0,24,5,1,0,30,2019,15,15,0,30,30,0,0,0,30,15,11,0,4,30,0,0,1,29,0,30
UNION,25,1491,606,151,6,2279,2019,1134,1145,0,2279,2208,71,0,0,2279,1465,306,80,428,2279,2,22,132,2122,1,2279
VANCE,38,315,152,62,3,570,2019,292,278,0,570,549,21,0,0,570,162,318,13,77,570,3,13,51,503,0,570
WAKE,465,8159,3016,912,137,12689,2019,6536,6153,0,12689,12261,411,17,0,12689,6314,2915,1368,2092,12689,30,171,763,11724,1,12689
WARREN,7,87,32,16,3,145,2019,82,63,0,145,138,7,0,0,145,40,86,9,10,145,0,2,17,126,0,145
WASHINGTON,2,95,30,5,0,132,2019,74,58,0,132,119,10,3,0,132,34,91,0,7,132,3,3,15,111,0,132
WATAUGA,4,238,57,13,1,313,2019,170,143,0,313,308,5,0,0,313,275,4,8,26,313,0,4,19,290,0,313
WAYNE,30,1032,433,114,10,1619,2019,816,803,0,1619,1568,48,3,0,1619,729,514,38,338,1619,7,30,142,1440,0,1619
WILKES,14,418,173,59,5,669,2019,340,329,0,669,643,26,0,0,669,554,35,3,77,669,1,15,63,590,0,669
WILSON,20,661,231,60,4,976,2019,514,462,0,976,943,30,3,0,976,357,427,22,170,976,4,22,100,850,0,976
YADKIN,13,242,87,31,2,375,2019,185,190,0,375,363,12,0,0,375,291,9,3,72,375,1,7,30,336,1,375
YANCEY,3,146,15,4,6,174,2019,100,74,0,174,168,6,0,0,174,156,1,0,17,174,0,0,14,160,0,174
